$GPGGA,212644.500,5010.8257,N,02051.2398,E,2,8,1.02,175.0,M,41.7,M,0000,0000*5D
$GPGLL,5010.8257,N,02051.2398,E,212644.500,A,D*54
$GPGSA,A,3,20,26,28,29,25,05,18,31,,,,,2.07,1.02,1.80*03
$GPGSV,3,1,12,29,62,070,24,18,58,196,41,26,50,295,23,31,36,251,38*7D
$GPGSV,3,2,12,05,32,073,20,36,32,176,35,28,26,225,38,25,26,143,38*75
$GPGSV,3,3,12,16,24,306,20,20,17,039,22,23,04,164,21,09,01,342,*7A
$GLGSV,3,1,09,69,69,055,,84,61,126,,70,45,204,,85,37,319,*62
$GLGSV,3,2,09,68,17,036,,76,09,314,,77,09,005,,86,09,314,*63
$GLGSV,3,3,09,83,05,134,*54
$GPRMC,212644.500,A,5010.8257,N,02051.2398,E,0.00,0.23,290304,,,D*6E
$GPVTG,0.23,T,,M,0.00,N,0.00,K,D*39
$GPZDA,212644.500,29,03,2004,,*5A
$GPGGA,212645.000,5010.8257,N,02051.2398,E,2,8,1.02,175.0,M,41.7,M,0000,0000*59
$GPGLL,5010.8257,N,02051.2398,E,212645.000,A,D*50
$GPGSA,A,3,20,26,28,29,25,05,18,31,,,,,2.06,1.02,1.79*04
$GPGSV,3,1,12,29,62,070,24,18,58,196,41,26,50,295,23,31,36,251,38*7D
$GPGSV,3,2,12,05,32,073,20,36,32,176,36,28,26,225,38,25,26,143,38*76
$GPGSV,3,3,12,16,24,306,20,20,17,039,22,23,04,164,21,09,01,342,*7A
$GLGSV,3,1,09,69,69,055,,84,61,126,,70,45,204,,85,37,319,*62
$GLGSV,3,2,09,68,17,036,,76,09,314,,77,09,005,,86,09,314,*63
$GLGSV,3,3,09,83,05,134,*54
$GPVTG,0.23,T,,M,0.01,N,0.02,K,D*3A
$GPGGA,212645.500,5010.8257,N,02051.2398,E,2,8,1.02,175.0,M,41.7,M,0000,0000*5C
$GPGLL,5010.8257,N,02051.2398,E,212645.500,A,D*55
$GPGSA,A,3,20,26,28,29,25,05,18,31,,,,,2.06,1.02,1.79*04
$GPGSV,3,1,12,29,62,070,23,18,58,196,41,26,50,295,23,31,36,251,38*7A
$GPGSV,3,2,12,05,32,073,20,36,32,176,36,28,26,225,38,25,26,143,38*76
$GPGSV,3,3,12,16,24,306,20,20,17,039,22,23,04,164,21,09,01,342,*7A
$GLGSV,3,1,09,69,69,055,,84,61,126,,70,45,204,,85,37,319,*62
$GLGSV,3,2,09,68,17,036,,76,09,314,,77,09,005,,86,09,314,*63
$GLGSV,3,3,09,83,05,134,*54
$GPVTG,0.23,T,,M,0.01,N,0.02,K,D*3A
$GPZDA,212645.500,29,03,2004,,*5B
$GPGGA,212646.000,5010.8257,N,02051.2398,E,2,8,1.02,175.0,M,41.7,M,0000,0000*5A
$GPGLL,5010.8257,N,02051.2398,E,212646.000,A,D*53
$GPGSA,A,3,20,26,28,29,25,05,18,31,,,,,2.06,1.02,1.79*04
$GPGSV,3,1,12,29,62,070,22,18,58,196,41,26,50,295,23,31,36,251,38*7B
$GPGSV,3,2,12,05,32,073,20,36,32,176,36,28,26,225,38,25,26,143,38*76
$GPGSV,3,3,12,16,24,306,20,20,17,039,22,23,04,164,21,09,01,342,*7A
$GLGSV,3,1,09,69,69,055,,84,61,126,,70,45,204,,85,37,319,*62
$GLGSV,3,2,09,68,17,036,,76,09,314,,77,09,005,,86,09,314,*63
$GLGSV,3,3,09,83,05,134,*54
$GPRMC,212646.000,A,5010.8257,N,02051.2398,E,0.00,0.23,290304,,,D*69
$GPVTG,0.23,T,,M,0.00,N,0.01,K,D*38
$GPGGA,212646.500,5010.8257,N,02051.2398,E,2,8,1.02,175.0,M,41.7,M,0000,0000*5F
$GPGLL,5010.8257,N,02051.2398,E,212646.500,A,D*56
$GPGSA,A,3,20,26,28,29,25,05,18,31,,,,,2.07,1.02,1.80*03
$GPGSV,3,1,12,29,62,070,22,18,58,196,41,26,50,295,22,31,36,251,38*7A
$GPGSV,3,2,12,05,32,073,19,36,32,176,36,28,26,225,38,25,26,143,38*7C
$GPGSV,3,3,12,16,24,306,20,20,17,039,22,23,04,164,21,09,01,342,*7A
$GLGSV,3,1,09,69,69,055,,84,61,126,,70,45,204,,85,37,319,*62
$GLGSV,3,2,09,68,17,036,,76,09,314,,77,09,005,,86,09,314,*63
$GLGSV,3,3,09,83,05,134,*54
$GPVTG,0.23,T,,M,0.01,N,0.01,K,D*39
$GPZDA,212646.500,29,03,2004,,*58
$GPGGA,212647.000,5010.8257,N,02051.2398,E,2,8,1.02,175.0,M,41.7,M,0000,0000*5B
$GPGLL,5010.8257,N,02051.2398,E,212647.000,A,D*52
$GPGSA,A,3,20,26,28,29,25,05,18,31,,,,,2.06,1.02,1.79*04
$GPGSV,3,1,12,29,62,070,21,18,58,196,41,26,50,295,22,31,36,251,38*79
$GPGSV,3,2,12,05,32,073,19,36,32,176,36,28,26,225,38,25,26,143,38*7C
$GPGSV,3,3,12,16,24,306,20,20,17,039,22,23,04,164,21,09,01,342,*7A
$GLGSV,3,1,09,69,69,055,,84,61,126,,70,45,204,,85,37,319,*62
$GLGSV,3,2,09,68,17,036,,76,09,314,,77,09,005,,86,09,314,*63
$GLGSV,3,3,09,83,05,134,*54
$GPVTG,0.23,T,,M,0.01,N,0.01,K,D*39
